<mb_metadata>
id;name;longitude;latitude;height (m.asl.);country;timezone;utc-timedifference;sunrise;sunset;
local date;weekday;local time;temperature(C);feeledTemperature(C);windspeed(km/h);winddirection(degr);wind gust(km/h);low clouds(%);medium clouds(%);high clouds(%);precipitation(mm);probability of Precip(%);snowFraction;sea level pressure(hPa);relative humidity(%);CAPE;picto-code;radiation (W/m2);
</mb_metadata><valid_until>2030-12-31</valid_until>
<station>
;Dresden Klotzsche;13.77999973;51.13000107;225.8568;Germany;CEST;UTC+02.00;5:57;20:10;
21.04.2017;Fri;20; 11.0; 11.0; 18;270;  0;  0;  0;  0;  0.0;  0;0.0;1021; 58;     0; 3;   0;
21.04.2017;Fri;21; 11.0; 11.0; 19;257; 19; 78; 78; 78;  0.0;  0;0.0;1021; 58;     0; 3;   0;
21.04.2017;Fri;22; 11.0; 11.0; 21;260; 21; 78; 78; 78;  0.0;  0;0.0;1021; 62;     0; 3;   0;
21.04.2017;Fri;23; 10.0; 10.0; 24;262; 24; 80; 80; 80;  0.0; 14;0.0;1020; 65;     0; 4;   0;
22.04.2017;Sat;00; 10.0; 10.0; 24;265; 24; 82; 82; 82;  0.0; 37;0.0;1020; 68;     0;12;   0;
22.04.2017;Sat;01; 10.0; 10.0; 24;268; 24; 97; 97; 97;  0.0; 38;0.0;1020; 75;     0;12;   0;
22.04.2017;Sat;02;  9.0;  9.0; 24;274; 24; 98; 98; 98;  0.0; 79;0.0;1019; 77;     0;12;   0;
22.04.2017;Sat;03;  9.0;  9.0; 23;287; 23;100;100;100;  1.0; 86;0.0;1018; 81;     0;13;   0;
22.04.2017;Sat;04;  8.0;  5.0; 23;297; 23;100;100;100;  1.0; 88;0.0;1019; 88;     0;13;   0;
22.04.2017;Sat;05;  7.0;  3.0; 23;310; 23;100;100;100;  0.0; 35;0.0;1019; 93;     0;12;   0;
22.04.2017;Sat;06;  6.0;  2.0; 21;308; 21; 91; 91; 91;  0.0; 17;0.0;1020; 91;     0; 4;   0;
22.04.2017;Sat;07;  6.0;  2.0; 19;306; 19; 89; 89; 89;  0.0; 16;0.0;1020; 88;     0; 4;   0;
22.04.2017;Sat;08;  5.0;  1.0; 19;306; 19; 85; 85; 85;  0.0; 23;0.0;1021; 84;     0; 4;   0;
22.04.2017;Sat;09;  6.0;  2.0; 21;304; 21; 85; 85; 85;  0.0; 17;0.0;1021; 78;     0; 4;   0;
22.04.2017;Sat;10;  6.0;  2.0; 24;300; 24; 87; 87; 87;  0.0; 24;0.0;1021; 71;     0; 4;   0;
22.04.2017;Sat;11;  6.0;  2.0; 26;300; 26; 96; 96; 96;  0.0; 49;0.0;1021; 66;     0;12;   0;
22.04.2017;Sat;12;  7.0;  3.0; 27;301; 27; 90; 90; 90;  0.0; 35;0.0;1021; 61;     0;12;   0;
22.04.2017;Sat;13;  7.0;  3.0; 29;300; 29; 73; 73; 73;  0.0;  9;0.0;1020; 59;     0; 3;   0;
22.04.2017;Sat;14;  8.0;  4.0; 29;300; 29; 86; 86; 86;  0.0;  7;0.0;1020; 55;     0; 4;   0;
22.04.2017;Sat;15;  8.0;  4.0; 27;298; 27; 94; 94; 94;  0.0; 35;0.0;1019; 53;     0;12;   0;
22.04.2017;Sat;16;  8.0;  4.0; 27;295; 27; 55; 55; 55;  0.0;  8;0.0;1019; 55;     0; 2;   0;
22.04.2017;Sat;17;  8.0;  4.0; 27;299; 27; 56; 56; 56;  0.0;  6;0.0;1019; 55;     0; 2;   0;
22.04.2017;Sat;18;  8.0;  4.0; 24;296; 24; 73; 73; 73;  0.0; 15;0.0;1018; 55;     0; 3;   0;
22.04.2017;Sat;19;  8.0;  5.0; 21;299; 21; 71; 71; 71;  0.0;  8;0.0;1018; 58;     0; 3;   0;
22.04.2017;Sat;20;  7.0;  4.0; 18;297; 18; 67; 67; 67;  0.0; 11;0.0;1018; 61;     0; 3;   0;
22.04.2017;Sat;21;  6.0;  3.0; 18;290; 18; 65; 65; 65;  0.0; 17;0.0;1019; 64;     0; 3;   0;
22.04.2017;Sat;22;  6.0;  2.0; 19;288; 19; 62; 62; 62;  0.0; 12;0.0;1019; 67;     0; 3;   0;
22.04.2017;Sat;23;  5.0;  1.0; 21;284; 21; 57; 57; 57;  0.0; 13;0.0;1019; 71;     0; 2;   0;
23.04.2017;Sun;00;  4.0; -0.0; 21;287; 21; 57; 57; 57;  0.0; 14;0.0;1019; 74;     0; 2;   0;
23.04.2017;Sun;01;  4.0; -0.0; 19;285; 19; 56; 56; 56;  0.0; 14;0.0;1019; 77;     0; 2;   0;
23.04.2017;Sun;02;  4.0; -0.0; 21;286; 21; 58; 58; 58;  0.0;  7;0.0;1019; 80;     0; 2;   0;
23.04.2017;Sun;03;  3.0; -1.0; 19;287; 19; 67; 67; 67;  0.0;  8;0.0;1019; 84;     0; 3;   0;
23.04.2017;Sun;04;  3.0; -1.0; 19;285; 19; 82; 82; 82;  0.0;  8;0.0;1020; 86;     0; 4;   0;
23.04.2017;Sun;05;  3.0; -1.0; 19;283; 19; 90; 90; 90;  0.0; 46;0.0;1020; 87;     0;12;   0;
23.04.2017;Sun;06;  3.0; -1.0; 19;282; 19; 92; 92; 92;  0.0; 53;0.0;1020; 89;     0;12;   0;
23.04.2017;Sun;07;  3.0; -1.0; 18;280; 18; 93; 93; 93;  0.0; 56;0.0;1020; 89;     0;21;   0;
23.04.2017;Sun;08;  2.0; -3.0; 19;279; 19; 93; 93; 93;  0.0; 63;0.0;1021; 91;     0;19;   0;
23.04.2017;Sun;09;  3.0; -2.0; 21;282; 21; 93; 93; 93;  0.0; 65;0.0;1021; 87;     0;12;   0;
23.04.2017;Sun;10;  4.0; -0.0; 21;284; 21; 92; 92; 92;  1.0; 71;0.0;1021; 83;     0;12;   0;
23.04.2017;Sun;11;  6.0;  2.0; 23;286; 23; 91; 91; 91;  0.0; 64;0.0;1021; 76;     0;12;   0;
23.04.2017;Sun;12;  6.0;  2.0; 23;287; 23; 86; 86; 86;  0.0; 59;0.0;1021; 74;     0;12;   0;
23.04.2017;Sun;13;  7.0;  3.0; 23;290; 23; 76; 76; 76;  0.0; 46;0.0;1021; 70;     0;12;   0;
23.04.2017;Sun;14;  7.0;  3.0; 24;287; 24; 69; 69; 69;  0.0; 38;0.0;1021; 66;     0;12;   0;
23.04.2017;Sun;15;  8.0;  4.0; 26;289; 26; 68; 68; 68;  0.0; 45;0.0;1021; 62;     0;12;   0;
23.04.2017;Sun;16;  8.0;  4.0; 26;297; 26; 71; 71; 71;  0.0; 45;0.0;1020; 58;     0;12;   0;
23.04.2017;Sun;17;  8.0;  4.0; 27;301; 27; 73; 73; 73;  0.0;  1;0.0;1021; 55;     0; 3;   0;
23.04.2017;Sun;18;  8.0;  4.0; 24;298; 24; 68; 68; 68;  0.0;  1;0.0;1021; 54;     0; 3;   0;
23.04.2017;Sun;19;  7.0;  4.0; 18;294; 18; 64; 64; 64;  0.0;  2;0.0;1021; 58;     0; 3;   0;
23.04.2017;Sun;20;  6.0;  3.0; 13;289; 13; 59; 59; 59;  0.0;  3;0.0;1021; 64;     0; 2;   0;
23.04.2017;Sun;21;  6.0;  4.0; 11;279; 11; 52; 52; 52;  0.0;  3;0.0;1022; 67;     0; 2;   0;
23.04.2017;Sun;22;  5.0;  2.0; 11;278; 11; 48; 48; 48;  0.0;  4;0.0;1022; 69;     0; 2;   0;
23.04.2017;Sun;23;  4.0;  1.0; 11;274; 11; 43; 43; 43;  0.0;  5;0.0;1023; 71;     0; 2;   0;
24.04.2017;Mon;00;  4.0;  1.0; 11;276; 11; 41; 41; 41;  0.0;  5;0.0;1023; 73;     0; 2;   0;
24.04.2017;Mon;01;  3.0;  0.0; 10;268; 10; 41; 41; 41;  0.0;  5;0.0;1023; 76;     0; 2;   0;
24.04.2017;Mon;02;  3.0;  0.0; 11;264; 11; 41; 41; 41;  0.0;  6;0.0;1023; 75;     0; 2;   0;
24.04.2017;Mon;03;  3.0;  0.0; 10;263; 10; 37; 37; 37;  0.0;  6;0.0;1022; 78;     0; 2;   0;
24.04.2017;Mon;04;  2.0; -1.0; 10;255; 10; 32; 32; 32;  0.0;  7;0.0;1022; 81;     0; 2;   0;
24.04.2017;Mon;05;  2.0; -0.0;  8;237;  8; 28; 28; 28;  0.0;  7;0.0;1022; 82;     0; 1;   0;
24.04.2017;Mon;06;  3.0;  1.0;  8;228;  8; 26; 26; 26;  0.0;  6;0.0;1022; 82;     0; 1;   0;
24.04.2017;Mon;07;  3.0;  1.0;  8;220;  8; 23; 23; 23;  0.0;  5;0.0;1022; 77;     0; 1;   0;
24.04.2017;Mon;08;  4.0;  2.0; 10;219; 10; 21; 21; 21;  0.0;  4;0.0;1021; 73;     0; 1;   0;
24.04.2017;Mon;09;  6.0;  4.0; 10;222; 10; 18; 18; 18;  0.0;  4;0.0;1021; 69;     0; 1;   0;
24.04.2017;Mon;10;  7.0;  5.0; 11;229; 11; 14; 14; 14;  0.0;  2;0.0;1021; 63;     0; 1;   0;
24.04.2017;Mon;11;  9.0;  9.0; 11;232; 11; 12; 12; 12;  0.0;  2;0.0;1020; 56;     0; 1;   0;
24.04.2017;Mon;12; 10.0; 10.0; 13;230; 13; 23; 23; 23;  0.0;  0;0.0;1019; 52;     0; 1;   0;
24.04.2017;Mon;13; 11.0; 11.0; 14;230; 14; 47; 47; 47;  0.0;  0;0.0;1018; 49;     0; 2;   0;
24.04.2017;Mon;14; 12.0; 12.0; 14;227; 14; 61; 61; 61;  0.0;  0;0.0;1017; 46;     0; 3;   0;
24.04.2017;Mon;15; 13.0; 13.0; 16;222; 16; 61; 61; 61;  0.0;  0;0.0;1016; 42;     0; 3;   0;
24.04.2017;Mon;16; 14.0; 14.0; 14;218; 14; 57; 57; 57;  0.0;  0;0.0;1015; 43;     0; 2;   0;
24.04.2017;Mon;17; 14.0; 14.0; 14;223; 14; 52; 52; 52;  0.0;  0;0.0;1014; 43;     0; 2;   0;
24.04.2017;Mon;18; 13.0; 13.0; 13;215; 13; 43; 43; 43;  0.0;  0;0.0;1013; 47;     0; 2;   0;
24.04.2017;Mon;19; 12.0; 12.0; 11;203; 11; 33; 33; 33;  0.0;  2;0.0;1012; 54;     0; 2;   0;
24.04.2017;Mon;20; 10.0; 10.0;  8;190;  8; 29; 29; 29;  0.0;  5;0.0;1012; 61;     0; 1;   0;
24.04.2017;Mon;21;  9.0;  9.0;  8;187;  8; 32; 32; 32;  0.0;  6;0.0;1012; 64;     0; 2;   0;
24.04.2017;Mon;22;  8.0;  6.0; 10;189; 10; 37; 37; 37;  0.0;  6;0.0;1012; 65;     0; 2;   0;
24.04.2017;Mon;23;  8.0;  6.0; 10;193; 10; 40; 40; 40;  0.0;  8;0.0;1011; 67;     0; 2;   0;
25.04.2017;Tue;00;  7.0;  5.0; 10;194; 10; 39; 39; 39;  0.0;  8;0.0;1011; 69;     0; 2;   0;
25.04.2017;Tue;01;  7.0;  5.0;  8;193;  8; 37; 37; 37;  0.0;  9;0.0;1010; 71;     0; 2;   0;
25.04.2017;Tue;02;  7.0;  5.0; 10;197; 10; 36; 36; 36;  0.0; 10;0.0;1009; 73;     0; 2;   0;
25.04.2017;Tue;03;  6.0;  4.0;  8;198;  8; 43; 43; 43;  0.0; 11;0.0;1008; 76;     0; 2;   0;
25.04.2017;Tue;04;  6.0;  4.0;  8;207;  8; 54; 54; 54;  0.0; 11;0.0;1008; 77;     0; 2;   0;
25.04.2017;Tue;05;  6.0;  4.0;  8;209;  8; 62; 62; 62;  0.0; 12;0.0;1007; 78;     0; 3;   0;
25.04.2017;Tue;06;  6.0;  5.0;  6;209;  6; 61; 61; 61;  0.0; 12;0.0;1007; 79;     0; 3;   0;
25.04.2017;Tue;07;  7.0;  7.0;  5;204;  5; 56; 56; 56;  0.0; 11;0.0;1007; 76;     0; 2;   0;
25.04.2017;Tue;08;  8.0;  7.0;  6;217;  6; 56; 56; 56;  0.0; 17;0.0;1007; 74;     0; 2;   0;
25.04.2017;Tue;09;  9.0;  9.0;  6;241;  6; 64; 64; 64;  0.0;  9;0.0;1007; 71;     0; 3;   0;
25.04.2017;Tue;10;  9.0;  9.0;  8;258;  8; 75; 75; 75;  0.0;  8;0.0;1007; 71;     0; 3;   0;
25.04.2017;Tue;11;  9.0;  9.0; 11;263; 11; 82; 82; 82;  0.0;  9;0.0;1007; 69;     0; 4;   0;
25.04.2017;Tue;12; 10.0; 10.0; 13;268; 13; 86; 86; 86;  0.0;  8;0.0;1007; 65;     0; 4;   0;
25.04.2017;Tue;13; 10.0; 10.0; 14;276; 14; 89; 89; 89;  0.0;  6;0.0;1007; 63;     0; 4;   0;
25.04.2017;Tue;14; 11.0; 11.0; 16;270; 16; 92; 92; 92;  0.0;  7;0.0;1007; 63;     0; 4;   0;
25.04.2017;Tue;15; 11.0; 11.0; 16;275; 16; 95; 95; 95;  0.0;  6;0.0;1007; 62;     0; 4;   0;
25.04.2017;Tue;16; 11.0; 11.0; 13;278; 13; 95; 95; 95;  0.0;  6;0.0;1006; 63;     0; 4;   0;
25.04.2017;Tue;17; 10.0; 10.0; 13;295; 13; 96; 96; 96;  0.0; 13;0.0;1006; 68;     0; 4;   0;
25.04.2017;Tue;18;  9.0;  9.0; 10;297; 10; 92; 92; 92;  0.0; 17;0.0;1006; 69;     0; 4;   0;
25.04.2017;Tue;19; 10.0; 10.0;  8;280;  8; 87; 87; 87;  0.0; 22;0.0;1006; 67;     0; 4;   0;
25.04.2017;Tue;20;  9.0;  9.0;  5;270;  5; 82; 82; 82;  0.0; 13;0.0;1007; 71;     0; 4;   0;
25.04.2017;Tue;21;  8.0;  8.0;  5;238;  5; 79; 79; 79;  0.0; 15;0.0;1007; 75;     0; 3;   0;
25.04.2017;Tue;22;  8.0;  7.0;  6;236;  6; 75; 75; 75;  0.0; 16;0.0;1007; 76;     0; 3;   0;
25.04.2017;Tue;23;  7.0;  5.0;  8;222;  8; 73; 73; 73;  0.0; 13;0.0;1007; 75;     0; 3;   0;
26.04.2017;Wed;00;  7.0;  5.0;  8;225;  8; 78; 78; 78;  0.0; 13;0.0;1007; 77;     0; 3;   0;
26.04.2017;Wed;01;  7.0;  6.0;  6;215;  6; 88; 88; 88;  0.0; 23;0.0;1007; 78;     0; 4;   0;
26.04.2017;Wed;02;  7.0;  5.0;  8;223;  8; 94; 94; 94;  0.0; 39;0.0;1007; 77;     0;12;   0;
26.04.2017;Wed;03;  6.0;  4.0;  8;234;  8; 95; 95; 95;  0.0; 38;0.0;1007; 81;     0;12;   0;
26.04.2017;Wed;04;  6.0;  4.0; 10;236; 10; 95; 95; 95;  0.0; 38;0.0;1007; 82;     0;12;   0;
26.04.2017;Wed;05;  6.0;  4.0; 10;238; 10; 95; 95; 95;  0.0; 41;0.0;1008; 82;     0;12;   0;
26.04.2017;Wed;06;  5.0;  3.0;  8;254;  8; 95; 95; 95;  0.0; 38;0.0;1008; 84;     0;12;   0;
26.04.2017;Wed;07;  4.0;  2.0;  8;292;  8; 95; 95; 95;  0.0; 36;0.0;1009; 83;     0;12;   0;
26.04.2017;Wed;08;  5.0;  3.0; 10;308; 10; 96; 96; 96;  0.0; 31;0.0;1009; 82;     0;12;   0;
26.04.2017;Wed;09;  5.0;  3.0;  8;305;  8; 96; 96; 96;  0.0; 30;0.0;1010; 80;     0;12;   0;
26.04.2017;Wed;10;  6.0;  5.0;  6;315;  6; 96; 96; 96;  0.0; 24;0.0;1011; 74;     0; 4;   0;
26.04.2017;Wed;11;  7.0;  6.0;  6;325;  6; 97; 97; 97;  0.0; 24;0.0;1011; 69;     0; 4;   0;
26.04.2017;Wed;12;  7.0;  6.0;  6;343;  6; 97; 97; 97;  0.0; 24;0.0;1012; 65;     0; 4;   0;
26.04.2017;Wed;13;  7.0;  5.0;  8;345;  8; 97; 97; 97;  0.0; 24;0.0;1012; 60;     0; 4;   0;
26.04.2017;Wed;14;  8.0;  7.0;  6;351;  6; 97; 97; 97;  0.0; 37;0.0;1012; 59;     0;12;   0;
26.04.2017;Wed;15;  8.0;  7.0;  8;357;  8; 97; 97; 97;  0.0; 38;0.0;1011; 57;     0;12;   0;
26.04.2017;Wed;16;  8.0;  7.0;  6;  8;  6; 97; 97; 97;  0.0; 38;0.0;1011; 58;     0;12;   0;
26.04.2017;Wed;17;  8.0;  7.0;  6;  6;  6; 97; 97; 97;  0.0; 41;0.0;1011; 59;     0;12;   0;
26.04.2017;Wed;18;  8.0;  8.0;  5;  3;  5; 97; 97; 97;  0.0; 42;0.0;1011; 61;     0;12;   0;
26.04.2017;Wed;19;  8.0;  8.0;  3;  5;  3; 97; 97; 97;  0.0; 43;0.0;1011; 65;     0;12;   0;
26.04.2017;Wed;20;  7.0;  7.0;  2; 45;  2; 97; 97; 97;  0.0; 32;0.0;1012; 69;     0;12;   0;
26.04.2017;Wed;21;  6.0;  6.0;  2; 68;  2; 97; 97; 97;  0.0; 33;0.0;1012; 73;     0;12;   0;
26.04.2017;Wed;22;  6.0;  6.0;  2; 45;  2; 98; 98; 98;  0.0; 35;0.0;1012; 75;     0;12;   0;
26.04.2017;Wed;23;  6.0;  6.0;  2;342;  2; 98; 98; 98;  0.0; 19;0.0;1013; 77;     0; 4;   0;
27.04.2017;Thu;00;  5.0;  5.0;  2;346;  2; 98; 98; 98;  0.0; 19;0.0;1013; 79;     0; 4;   0;
27.04.2017;Thu;01;  4.0;  4.0;  2;225;  2; 98; 98; 98;  0.0; 18;0.0;1013; 80;     0; 4;   0;
27.04.2017;Thu;02;  4.0;  4.0;  3;259;  3; 97; 97; 97;  0.0; 20;0.0;1013; 80;     0; 4;   0;
27.04.2017;Thu;03;  4.0;  4.0;  3;252;  3; 96; 96; 96;  0.0; 21;0.0;1013; 83;     0; 4;   0;
27.04.2017;Thu;04;  4.0;  4.0;  3;284;  3; 94; 94; 94;  0.0; 23;0.0;1013; 83;     0; 4;   0;
27.04.2017;Thu;05;  3.0;  3.0;  5;270;  5; 92; 92; 92;  0.0; 23;0.0;1014; 84;     0; 4;   0;
27.04.2017;Thu;06;  3.0;  3.0;  5;294;  5; 91; 91; 91;  0.0; 24;0.0;1014; 85;     0; 4;   0;
27.04.2017;Thu;07;  4.0;  4.0;  5;307;  5; 89; 89; 89;  0.0; 24;0.0;1014; 84;     0; 4;   0;
27.04.2017;Thu;08;  4.0;  2.0;  6;315;  6; 88; 88; 88;  0.0; 32;0.0;1014; 84;     0;12;   0;
27.04.2017;Thu;09;  6.0;  5.0;  6;333;  6; 89; 89; 89;  0.0; 24;0.0;1015; 80;     0; 4;   0;
27.04.2017;Thu;10;  6.0;  5.0;  6;342;  6; 90; 90; 90;  0.0; 24;0.0;1015; 76;     0; 4;   0;
27.04.2017;Thu;11;  7.0;  5.0;  8;354;  8; 91; 91; 91;  0.0; 32;0.0;1015; 71;     0;12;   0;
27.04.2017;Thu;12;  8.0;  7.0;  8;  9;  8; 93; 93; 93;  0.0; 24;0.0;1014; 67;     0; 4;   0;
27.04.2017;Thu;13;  8.0;  7.0;  8;  5;  8; 94; 94; 94;  0.0; 24;0.0;1014; 64;     0; 4;   0;
27.04.2017;Thu;14;  8.0;  7.0;  8;  8;  8; 95; 95; 95;  0.0; 24;0.0;1014; 62;     0; 4;   0;
27.04.2017;Thu;15;  9.0;  9.0;  8;  5;  8; 95; 95; 95;  0.0; 23;0.0;1014; 60;     0; 4;   0;
27.04.2017;Thu;16;  9.0;  9.0;  6; 21;  6; 96; 96; 96;  0.0; 23;0.0;1014; 62;     0; 4;   0;
27.04.2017;Thu;17;  9.0;  9.0;  8; 18;  8; 96; 96; 96;  0.0; 24;0.0;1014; 61;     0; 4;   0;
27.04.2017;Thu;18;  8.0;  7.0;  8; 11;  8; 96; 96; 96;  0.0; 24;0.0;1014; 62;     0; 4;   0;
27.04.2017;Thu;19;  8.0;  7.0;  8;  7;  8; 96; 96; 96;  0.0; 24;0.0;1015; 65;     0; 4;   0;
27.04.2017;Thu;20;  8.0;  7.0;  6; 23;  6; 96; 96; 96;  0.0; 23;0.0;1015; 69;     0; 4;   0;
27.04.2017;Thu;21;  7.0;  6.0;  6; 15;  6; 95; 95; 95;  0.0; 15;0.0;1015; 71;     0; 4;   0;
27.04.2017;Thu;22;  6.0;  5.0;  6;  5;  6; 95; 95; 95;  0.0; 15;0.0;1016; 73;     0; 4;   0;
27.04.2017;Thu;23;  6.0;  5.0;  6;340;  6; 94; 94; 94;  0.0; 16;0.0;1016; 76;     0; 4;   0;
28.04.2017;Fri;00;  5.0;  4.0;  6;337;  6; 94; 94; 94;  0.0; 17;0.0;1016; 78;     0; 4;   0;
28.04.2017;Fri;01;  5.0;  4.0;  6;336;  6; 93; 93; 93;  0.0; 17;0.0;1016; 80;     0; 4;   0;
28.04.2017;Fri;02;  4.0;  2.0;  8;327;  8; 92; 92; 92;  0.0; 17;0.0;1017; 81;     0; 4;   0;
28.04.2017;Fri;03;  4.0;  2.0;  6;324;  6; 89; 89; 89;  0.0; 17;0.0;1017; 83;     0; 4;   0;
28.04.2017;Fri;04;  4.0;  2.0;  8;323;  8; 83; 83; 83;  0.0; 18;0.0;1018; 83;     0; 4;   0;
28.04.2017;Fri;05;  4.0;  2.0;  8;319;  8; 74; 74; 74;  0.0; 18;0.0;1018; 84;     0; 3;   0;
28.04.2017;Fri;06;  3.0;  0.0; 10;322; 10; 64; 64; 64;  0.0; 18;0.0;1018; 86;     0; 3;   0;
28.04.2017;Fri;07;  3.0;  0.0; 10;324; 10; 56; 56; 56;  0.0; 17;0.0;1019; 85;     0; 2;   0;
28.04.2017;Fri;08;  4.0;  1.0; 11;317; 11; 52; 52; 52;  0.0; 18;0.0;1019; 84;     0; 2;   0;
28.04.2017;Fri;09;  4.0;  1.0; 13;326; 13; 52; 52; 52;  0.0; 17;0.0;1019; 81;     0; 2;   0;
28.04.2017;Fri;10;  6.0;  3.0; 14;330; 14; 54; 54; 54;  0.0; 16;0.0;1019; 76;     0; 2;   0;
28.04.2017;Fri;11;  7.0;  4.0; 16;336; 16; 58; 58; 58;  0.0; 15;0.0;1019; 71;     0; 2;   0;
28.04.2017;Fri;12;  7.0;  4.0; 18;340; 18; 62; 62; 62;  0.0; 14;0.0;1019; 66;     0; 3;   0;
28.04.2017;Fri;13;  8.0;  5.0; 18;344; 18; 64; 64; 64;  0.0; 15;0.0;1019; 62;     0; 3;   0;
28.04.2017;Fri;14;  8.0;  5.0; 18;341; 18; 63; 63; 63;  0.0; 12;0.0;1019; 58;     0; 3;   0;
28.04.2017;Fri;15;  9.0;  9.0; 19;341; 19; 54; 54; 54;  0.0; 12;0.0;1018; 54;     0; 2;   0;
28.04.2017;Fri;16;  9.0;  9.0; 18;339; 18; 40; 40; 40;  0.0; 11;0.0;1018; 53;     0; 2;   0;
28.04.2017;Fri;17;  9.0;  9.0; 16;339; 16; 29; 29; 29;  0.0; 10;0.0;1018; 52;     0; 1;   0;
28.04.2017;Fri;18;  9.0;  9.0; 14;339; 14; 23; 23; 23;  0.0; 10;0.0;1018; 53;     0; 1;   0;
28.04.2017;Fri;19;  8.0;  6.0; 11;339; 11; 19; 19; 19;  0.0; 10;0.0;1018; 56;     0; 1;   0;
28.04.2017;Fri;20;  7.0;  5.0;  8;345;  8; 17; 17; 17;  0.0; 10;0.0;1019; 61;     0; 1;   0;
</station>
